LATIN AMERICAN CLIMATE ASSESSMENT & DATASET (LACA&D), file created on 28-09-2019
THESE DATA CAN BE USED FREELY PROVIDED THAT THE FOLLOWING SOURCE IS ACKNOWLEDGED:

Martinez, R., J.J. Nieto, A. Freire, E.J.M. van den Besselaar, A.M.G. Klein Tank, G. van der Schrier, 2012.
Daily dataset for climate extreme analyses in Latin America.
In preparation
Data and metadata available at http://ciifen.knmi.nl

FILE FORMAT (MISSING VALUE CODE IS -9999):

01-06 SOUID: Source identifier
08-15 DATE : Date YYYYMMDD
17-21 TG   : mean temperature in 0.1 &#176;C
23-27 Q_TG : Quality code for TG (0='valid'; 1='suspect'; 9='missing')

This is the blended series of station CHILE, GLACIAR TEMPANO (STAID: 1339).
Blended and updated with sources: 104350 
See file sources.txt and stations.txt for more info.

 SOUID,    DATE,   TG, Q_TG
104350,20110501,   25,    0
104350,20110502,   49,    0
104350,20110503,   56,    0
104350,20110504,   60,    0
104350,20110505,   38,    0
104350,20110506,   72,    0
104350,20110507,-9999,    9
104350,20110508,-9999,    9
104350,20110509,-9999,    9
104350,20110510,   27,    0
104350,20110511,   37,    0
104350,20110512,   51,    0
104350,20110513,   49,    0
104350,20110514,-9999,    9
104350,20110515,   45,    0
104350,20110516,   56,    0
104350,20110517,   85,    0
104350,20110518,   29,    0
104350,20110519,   27,    0
104350,20110520,   27,    0
104350,20110521,   30,    0
104350,20110522,   23,    0
104350,20110523,   59,    0
104350,20110524,   55,    0
104350,20110525,   47,    0
104350,20110526,   68,    0
104350,20110527,   47,    0
104350,20110528,   37,    0
104350,20110529,   52,    0
104350,20110530,   55,    0
104350,20110531,   20,    0
104350,20110601,-9999,    9
104350,20110602,-9999,    9
104350,20110603,-9999,    9
104350,20110604,-9999,    9
104350,20110605,-9999,    9
104350,20110606,-9999,    9
104350,20110607,-9999,    9
104350,20110608,-9999,    9
104350,20110609,-9999,    9
104350,20110610,-9999,    9
104350,20110611,-9999,    9
104350,20110612,-9999,    9
104350,20110613,-9999,    9
104350,20110614,-9999,    9
104350,20110615,-9999,    9
104350,20110616,-9999,    9
104350,20110617,-9999,    9
104350,20110618,-9999,    9
104350,20110619,-9999,    9
104350,20110620,-9999,    9
104350,20110621,-9999,    9
104350,20110622,-9999,    9
104350,20110623,-9999,    9
104350,20110624,-9999,    9
104350,20110625,-9999,    9
104350,20110626,-9999,    9
104350,20110627,-9999,    9
104350,20110628,-9999,    9
104350,20110629,-9999,    9
104350,20110630,-9999,    9
104350,20110701,-9999,    9
104350,20110702,-9999,    9
104350,20110703,-9999,    9
104350,20110704,-9999,    9
104350,20110705,-9999,    9
104350,20110706,-9999,    9
104350,20110707,-9999,    9
104350,20110708,-9999,    9
104350,20110709,-9999,    9
104350,20110710,-9999,    9
104350,20110711,-9999,    9
104350,20110712,-9999,    9
104350,20110713,-9999,    9
104350,20110714,-9999,    9
104350,20110715,-9999,    9
104350,20110716,-9999,    9
104350,20110717,-9999,    9
104350,20110718,-9999,    9
104350,20110719,-9999,    9
104350,20110720,-9999,    9
104350,20110721,-9999,    9
104350,20110722,-9999,    9
104350,20110723,-9999,    9
104350,20110724,-9999,    9
104350,20110725,-9999,    9
104350,20110726,-9999,    9
104350,20110727,-9999,    9
104350,20110728,-9999,    9
104350,20110729,-9999,    9
104350,20110730,-9999,    9
104350,20110731,-9999,    9
104350,20110801,-9999,    9
104350,20110802,-9999,    9
104350,20110803,-9999,    9
104350,20110804,-9999,    9
104350,20110805,-9999,    9
104350,20110806,-9999,    9
104350,20110807,-9999,    9
104350,20110808,-9999,    9
104350,20110809,-9999,    9
104350,20110810,-9999,    9
104350,20110811,-9999,    9
104350,20110812,-9999,    9
104350,20110813,-9999,    9
104350,20110814,-9999,    9
104350,20110815,-9999,    9
104350,20110816,-9999,    9
104350,20110817,-9999,    9
104350,20110818,-9999,    9
104350,20110819,-9999,    9
104350,20110820,-9999,    9
104350,20110821,-9999,    9
104350,20110822,-9999,    9
104350,20110823,-9999,    9
104350,20110824,-9999,    9
104350,20110825,-9999,    9
104350,20110826,-9999,    9
104350,20110827,-9999,    9
104350,20110828,-9999,    9
104350,20110829,-9999,    9
104350,20110830,-9999,    9
104350,20110831,-9999,    9
104350,20110901,-9999,    9
104350,20110902,-9999,    9
104350,20110903,-9999,    9
104350,20110904,-9999,    9
104350,20110905,-9999,    9
104350,20110906,-9999,    9
104350,20110907,-9999,    9
104350,20110908,-9999,    9
104350,20110909,-9999,    9
104350,20110910,-9999,    9
104350,20110911,-9999,    9
104350,20110912,-9999,    9
104350,20110913,-9999,    9
104350,20110914,-9999,    9
104350,20110915,-9999,    9
104350,20110916,-9999,    9
104350,20110917,-9999,    9
104350,20110918,-9999,    9
104350,20110919,-9999,    9
104350,20110920,-9999,    9
104350,20110921,-9999,    9
104350,20110922,-9999,    9
104350,20110923,-9999,    9
104350,20110924,-9999,    9
104350,20110925,-9999,    9
104350,20110926,-9999,    9
104350,20110927,-9999,    9
104350,20110928,-9999,    9
104350,20110929,-9999,    9
104350,20110930,-9999,    9
104350,20111001,-9999,    9
104350,20111002,-9999,    9
104350,20111003,-9999,    9
104350,20111004,-9999,    9
104350,20111005,-9999,    9
104350,20111006,-9999,    9
104350,20111007,-9999,    9
104350,20111008,-9999,    9
104350,20111009,-9999,    9
104350,20111010,-9999,    9
104350,20111011,-9999,    9
104350,20111012,-9999,    9
104350,20111013,-9999,    9
104350,20111014,-9999,    9
104350,20111015,-9999,    9
104350,20111016,-9999,    9
104350,20111017,-9999,    9
104350,20111018,-9999,    9
104350,20111019,-9999,    9
104350,20111020,-9999,    9
104350,20111021,-9999,    9
104350,20111022,-9999,    9
104350,20111023,-9999,    9
104350,20111024,-9999,    9
104350,20111025,-9999,    9
104350,20111026,-9999,    9
104350,20111027,-9999,    9
104350,20111028,-9999,    9
104350,20111029,-9999,    9
104350,20111030,-9999,    9
104350,20111031,-9999,    9
104350,20111101,-9999,    9
104350,20111102,-9999,    9
104350,20111103,-9999,    9
104350,20111104,-9999,    9
104350,20111105,-9999,    9
104350,20111106,-9999,    9
104350,20111107,-9999,    9
104350,20111108,-9999,    9
104350,20111109,-9999,    9
104350,20111110,-9999,    9
104350,20111111,-9999,    9
104350,20111112,-9999,    9
104350,20111113,-9999,    9
104350,20111114,-9999,    9
104350,20111115,-9999,    9
104350,20111116,-9999,    9
104350,20111117,-9999,    9
104350,20111118,-9999,    9
104350,20111119,-9999,    9
104350,20111120,-9999,    9
104350,20111121,-9999,    9
104350,20111122,-9999,    9
104350,20111123,-9999,    9
104350,20111124,-9999,    9
104350,20111125,-9999,    9
104350,20111126,-9999,    9
104350,20111127,-9999,    9
104350,20111128,-9999,    9
104350,20111129,-9999,    9
104350,20111130,-9999,    9
104350,20111201,-9999,    9
104350,20111202,-9999,    9
104350,20111203,-9999,    9
104350,20111204,-9999,    9
104350,20111205,-9999,    9
104350,20111206,-9999,    9
104350,20111207,-9999,    9
104350,20111208,-9999,    9
104350,20111209,-9999,    9
104350,20111210,-9999,    9
104350,20111211,-9999,    9
104350,20111212,-9999,    9
104350,20111213,-9999,    9
104350,20111214,-9999,    9
104350,20111215,-9999,    9
104350,20111216,-9999,    9
104350,20111217,-9999,    9
104350,20111218,-9999,    9
104350,20111219,-9999,    9
104350,20111220,-9999,    9
104350,20111221,-9999,    9
104350,20111222,-9999,    9
104350,20111223,-9999,    9
104350,20111224,-9999,    9
104350,20111225,-9999,    9
104350,20111226,-9999,    9
104350,20111227,-9999,    9
104350,20111228,-9999,    9
104350,20111229,-9999,    9
104350,20111230,-9999,    9
104350,20111231,-9999,    9
104350,20120101,-9999,    9
104350,20120102,-9999,    9
104350,20120103,-9999,    9
104350,20120104,-9999,    9
104350,20120105,-9999,    9
104350,20120106,-9999,    9
104350,20120107,-9999,    9
104350,20120108,-9999,    9
104350,20120109,-9999,    9
104350,20120110,-9999,    9
104350,20120111,-9999,    9
104350,20120112,-9999,    9
104350,20120113,-9999,    9
104350,20120114,-9999,    9
104350,20120115,-9999,    9
104350,20120116,-9999,    9
104350,20120117,-9999,    9
104350,20120118,-9999,    9
104350,20120119,-9999,    9
104350,20120120,-9999,    9
104350,20120121,-9999,    9
104350,20120122,-9999,    9
104350,20120123,-9999,    9
104350,20120124,-9999,    9
104350,20120125,-9999,    9
104350,20120126,-9999,    9
104350,20120127,-9999,    9
104350,20120128,-9999,    9
104350,20120129,-9999,    9
104350,20120130,-9999,    9
104350,20120131,-9999,    9
104350,20120201,-9999,    9
104350,20120202,-9999,    9
104350,20120203,-9999,    9
104350,20120204,-9999,    9
104350,20120205,-9999,    9
104350,20120206,-9999,    9
104350,20120207,-9999,    9
104350,20120208,-9999,    9
104350,20120209,-9999,    9
104350,20120210,-9999,    9
104350,20120211,-9999,    9
104350,20120212,-9999,    9
104350,20120213,-9999,    9
104350,20120214,-9999,    9
104350,20120215,-9999,    9
104350,20120216,-9999,    9
104350,20120217,-9999,    9
104350,20120218,-9999,    9
104350,20120219,-9999,    9
104350,20120220,-9999,    9
104350,20120221,-9999,    9
104350,20120222,-9999,    9
104350,20120223,-9999,    9
104350,20120224,-9999,    9
104350,20120225,-9999,    9
104350,20120226,-9999,    9
104350,20120227,-9999,    9
104350,20120228,-9999,    9
104350,20120229,-9999,    9
104350,20120301,-9999,    9
104350,20120302,-9999,    9
104350,20120303,-9999,    9
104350,20120304,-9999,    9
104350,20120305,-9999,    9
104350,20120306,-9999,    9
104350,20120307,-9999,    9
104350,20120308,-9999,    9
104350,20120309,-9999,    9
104350,20120310,-9999,    9
104350,20120311,-9999,    9
104350,20120312,-9999,    9
104350,20120313,-9999,    9
104350,20120314,-9999,    9
104350,20120315,-9999,    9
104350,20120316,-9999,    9
104350,20120317,-9999,    9
104350,20120318,-9999,    9
104350,20120319,-9999,    9
104350,20120320,-9999,    9
104350,20120321,-9999,    9
104350,20120322,-9999,    9
104350,20120323,-9999,    9
104350,20120324,-9999,    9
104350,20120325,-9999,    9
104350,20120326,-9999,    9
104350,20120327,-9999,    9
104350,20120328,-9999,    9
104350,20120329,-9999,    9
104350,20120330,-9999,    9
104350,20120331,-9999,    9
104350,20120401,-9999,    9
104350,20120402,-9999,    9
104350,20120403,-9999,    9
104350,20120404,-9999,    9
104350,20120405,-9999,    9
104350,20120406,-9999,    9
104350,20120407,-9999,    9
104350,20120408,-9999,    9
104350,20120409,-9999,    9
104350,20120410,-9999,    9
104350,20120411,-9999,    9
104350,20120412,-9999,    9
104350,20120413,-9999,    9
104350,20120414,-9999,    9
104350,20120415,-9999,    9
104350,20120416,-9999,    9
104350,20120417,-9999,    9
104350,20120418,-9999,    9
104350,20120419,-9999,    9
104350,20120420,-9999,    9
104350,20120421,-9999,    9
104350,20120422,-9999,    9
104350,20120423,-9999,    9
104350,20120424,-9999,    9
104350,20120425,-9999,    9
104350,20120426,-9999,    9
104350,20120427,-9999,    9
104350,20120428,-9999,    9
104350,20120429,-9999,    9
104350,20120430,-9999,    9
104350,20120501,-9999,    9
104350,20120502,-9999,    9
104350,20120503,-9999,    9
104350,20120504,-9999,    9
104350,20120505,-9999,    9
104350,20120506,-9999,    9
104350,20120507,-9999,    9
104350,20120508,-9999,    9
104350,20120509,-9999,    9
104350,20120510,-9999,    9
104350,20120511,-9999,    9
104350,20120512,-9999,    9
104350,20120513,-9999,    9
104350,20120514,-9999,    9
104350,20120515,-9999,    9
104350,20120516,-9999,    9
104350,20120517,-9999,    9
104350,20120518,-9999,    9
104350,20120519,-9999,    9
104350,20120520,-9999,    9
104350,20120521,-9999,    9
104350,20120522,-9999,    9
104350,20120523,-9999,    9
104350,20120524,-9999,    9
104350,20120525,-9999,    9
104350,20120526,-9999,    9
104350,20120527,-9999,    9
104350,20120528,-9999,    9
104350,20120529,-9999,    9
104350,20120530,-9999,    9
104350,20120531,-9999,    9
104350,20120601,-9999,    9
104350,20120602,-9999,    9
104350,20120603,-9999,    9
104350,20120604,-9999,    9
104350,20120605,-9999,    9
104350,20120606,-9999,    9
104350,20120607,-9999,    9
104350,20120608,-9999,    9
104350,20120609,-9999,    9
104350,20120610,-9999,    9
104350,20120611,-9999,    9
104350,20120612,-9999,    9
104350,20120613,-9999,    9
104350,20120614,-9999,    9
104350,20120615,-9999,    9
104350,20120616,-9999,    9
104350,20120617,-9999,    9
104350,20120618,-9999,    9
104350,20120619,-9999,    9
104350,20120620,-9999,    9
104350,20120621,-9999,    9
104350,20120622,-9999,    9
104350,20120623,-9999,    9
104350,20120624,-9999,    9
104350,20120625,-9999,    9
104350,20120626,-9999,    9
104350,20120627,-9999,    9
104350,20120628,-9999,    9
104350,20120629,-9999,    9
104350,20120630,-9999,    9
104350,20120701,-9999,    9
104350,20120702,-9999,    9
104350,20120703,-9999,    9
104350,20120704,-9999,    9
104350,20120705,-9999,    9
104350,20120706,-9999,    9
104350,20120707,-9999,    9
104350,20120708,-9999,    9
104350,20120709,-9999,    9
104350,20120710,-9999,    9
104350,20120711,-9999,    9
104350,20120712,-9999,    9
104350,20120713,-9999,    9
104350,20120714,-9999,    9
104350,20120715,-9999,    9
104350,20120716,-9999,    9
104350,20120717,-9999,    9
104350,20120718,-9999,    9
104350,20120719,-9999,    9
104350,20120720,-9999,    9
104350,20120721,-9999,    9
104350,20120722,-9999,    9
104350,20120723,-9999,    9
104350,20120724,-9999,    9
104350,20120725,-9999,    9
104350,20120726,-9999,    9
104350,20120727,-9999,    9
104350,20120728,-9999,    9
104350,20120729,-9999,    9
104350,20120730,-9999,    9
104350,20120731,-9999,    9
104350,20120801,-9999,    9
104350,20120802,-9999,    9
104350,20120803,-9999,    9
104350,20120804,-9999,    9
104350,20120805,-9999,    9
104350,20120806,-9999,    9
104350,20120807,-9999,    9
104350,20120808,-9999,    9
104350,20120809,-9999,    9
104350,20120810,-9999,    9
104350,20120811,-9999,    9
104350,20120812,-9999,    9
104350,20120813,-9999,    9
104350,20120814,-9999,    9
104350,20120815,-9999,    9
104350,20120816,-9999,    9
104350,20120817,-9999,    9
104350,20120818,-9999,    9
104350,20120819,-9999,    9
104350,20120820,-9999,    9
104350,20120821,-9999,    9
104350,20120822,-9999,    9
104350,20120823,-9999,    9
104350,20120824,-9999,    9
104350,20120825,-9999,    9
104350,20120826,-9999,    9
104350,20120827,-9999,    9
104350,20120828,-9999,    9
104350,20120829,-9999,    9
104350,20120830,-9999,    9
104350,20120831,-9999,    9
104350,20120901,-9999,    9
104350,20120902,-9999,    9
104350,20120903,-9999,    9
104350,20120904,-9999,    9
104350,20120905,-9999,    9
104350,20120906,-9999,    9
104350,20120907,-9999,    9
104350,20120908,-9999,    9
104350,20120909,-9999,    9
104350,20120910,-9999,    9
104350,20120911,-9999,    9
104350,20120912,-9999,    9
104350,20120913,-9999,    9
104350,20120914,-9999,    9
104350,20120915,-9999,    9
104350,20120916,-9999,    9
104350,20120917,-9999,    9
104350,20120918,-9999,    9
104350,20120919,-9999,    9
104350,20120920,-9999,    9
104350,20120921,-9999,    9
104350,20120922,-9999,    9
104350,20120923,-9999,    9
104350,20120924,-9999,    9
104350,20120925,-9999,    9
104350,20120926,-9999,    9
104350,20120927,-9999,    9
104350,20120928,-9999,    9
104350,20120929,-9999,    9
104350,20120930,-9999,    9
104350,20121001,-9999,    9
104350,20121002,-9999,    9
104350,20121003,-9999,    9
104350,20121004,-9999,    9
104350,20121005,-9999,    9
104350,20121006,-9999,    9
104350,20121007,-9999,    9
104350,20121008,-9999,    9
104350,20121009,-9999,    9
104350,20121010,-9999,    9
104350,20121011,-9999,    9
104350,20121012,-9999,    9
104350,20121013,-9999,    9
104350,20121014,-9999,    9
104350,20121015,-9999,    9
104350,20121016,-9999,    9
104350,20121017,-9999,    9
104350,20121018,-9999,    9
104350,20121019,-9999,    9
104350,20121020,-9999,    9
104350,20121021,-9999,    9
104350,20121022,-9999,    9
104350,20121023,-9999,    9
104350,20121024,-9999,    9
104350,20121025,-9999,    9
104350,20121026,-9999,    9
104350,20121027,-9999,    9
104350,20121028,-9999,    9
104350,20121029,-9999,    9
104350,20121030,-9999,    9
104350,20121031,-9999,    9
104350,20121101,-9999,    9
104350,20121102,-9999,    9
104350,20121103,-9999,    9
104350,20121104,-9999,    9
104350,20121105,-9999,    9
104350,20121106,-9999,    9
104350,20121107,-9999,    9
104350,20121108,-9999,    9
104350,20121109,-9999,    9
104350,20121110,-9999,    9
104350,20121111,-9999,    9
104350,20121112,-9999,    9
104350,20121113,-9999,    9
104350,20121114,-9999,    9
104350,20121115,-9999,    9
104350,20121116,-9999,    9
104350,20121117,-9999,    9
104350,20121118,-9999,    9
104350,20121119,-9999,    9
104350,20121120,-9999,    9
104350,20121121,-9999,    9
104350,20121122,-9999,    9
104350,20121123,-9999,    9
104350,20121124,-9999,    9
104350,20121125,-9999,    9
104350,20121126,-9999,    9
104350,20121127,-9999,    9
104350,20121128,-9999,    9
104350,20121129,-9999,    9
104350,20121130,-9999,    9
104350,20121201,-9999,    9
104350,20121202,-9999,    9
104350,20121203,-9999,    9
104350,20121204,-9999,    9
104350,20121205,-9999,    9
104350,20121206,-9999,    9
104350,20121207,-9999,    9
104350,20121208,-9999,    9
104350,20121209,-9999,    9
104350,20121210,-9999,    9
104350,20121211,-9999,    9
104350,20121212,-9999,    9
104350,20121213,-9999,    9
104350,20121214,-9999,    9
104350,20121215,-9999,    9
104350,20121216,-9999,    9
104350,20121217,-9999,    9
104350,20121218,-9999,    9
104350,20121219,-9999,    9
104350,20121220,-9999,    9
104350,20121221,-9999,    9
104350,20121222,-9999,    9
104350,20121223,-9999,    9
104350,20121224,-9999,    9
104350,20121225,-9999,    9
104350,20121226,-9999,    9
104350,20121227,-9999,    9
104350,20121228,-9999,    9
104350,20121229,-9999,    9
104350,20121230,-9999,    9
104350,20121231,-9999,    9
104350,20130101,-9999,    9
104350,20130102,-9999,    9
104350,20130103,-9999,    9
104350,20130104,-9999,    9
104350,20130105,-9999,    9
104350,20130106,-9999,    9
104350,20130107,-9999,    9
104350,20130108,-9999,    9
104350,20130109,-9999,    9
104350,20130110,-9999,    9
104350,20130111,-9999,    9
104350,20130112,-9999,    9
104350,20130113,-9999,    9
104350,20130114,-9999,    9
104350,20130115,-9999,    9
104350,20130116,-9999,    9
104350,20130117,-9999,    9
104350,20130118,-9999,    9
104350,20130119,-9999,    9
104350,20130120,-9999,    9
104350,20130121,-9999,    9
104350,20130122,-9999,    9
104350,20130123,-9999,    9
104350,20130124,-9999,    9
104350,20130125,-9999,    9
104350,20130126,-9999,    9
104350,20130127,-9999,    9
104350,20130128,-9999,    9
104350,20130129,-9999,    9
104350,20130130,-9999,    9
104350,20130131,-9999,    9
104350,20130201,-9999,    9
104350,20130202,-9999,    9
104350,20130203,-9999,    9
104350,20130204,-9999,    9
104350,20130205,-9999,    9
104350,20130206,-9999,    9
104350,20130207,-9999,    9
104350,20130208,-9999,    9
104350,20130209,-9999,    9
104350,20130210,-9999,    9
104350,20130211,-9999,    9
104350,20130212,-9999,    9
104350,20130213,-9999,    9
104350,20130214,-9999,    9
104350,20130215,-9999,    9
104350,20130216,-9999,    9
104350,20130217,-9999,    9
104350,20130218,-9999,    9
104350,20130219,-9999,    9
104350,20130220,-9999,    9
104350,20130221,-9999,    9
104350,20130222,-9999,    9
104350,20130223,-9999,    9
104350,20130224,-9999,    9
104350,20130225,-9999,    9
104350,20130226,-9999,    9
104350,20130227,-9999,    9
104350,20130228,-9999,    9
104350,20130301,-9999,    9
104350,20130302,-9999,    9
104350,20130303,-9999,    9
104350,20130304,-9999,    9
104350,20130305,-9999,    9
104350,20130306,-9999,    9
104350,20130307,-9999,    9
104350,20130308,-9999,    9
104350,20130309,-9999,    9
104350,20130310,-9999,    9
104350,20130311,-9999,    9
104350,20130312,-9999,    9
104350,20130313,-9999,    9
104350,20130314,-9999,    9
104350,20130315,-9999,    9
104350,20130316,-9999,    9
104350,20130317,-9999,    9
104350,20130318,-9999,    9
104350,20130319,-9999,    9
104350,20130320,-9999,    9
104350,20130321,-9999,    9
104350,20130322,-9999,    9
104350,20130323,-9999,    9
104350,20130324,-9999,    9
104350,20130325,-9999,    9
104350,20130326,-9999,    9
104350,20130327,-9999,    9
104350,20130328,-9999,    9
104350,20130329,-9999,    9
104350,20130330,-9999,    9
104350,20130331,-9999,    9
104350,20130401,-9999,    9
104350,20130402,-9999,    9
104350,20130403,-9999,    9
104350,20130404,-9999,    9
104350,20130405,-9999,    9
104350,20130406,-9999,    9
104350,20130407,-9999,    9
104350,20130408,-9999,    9
104350,20130409,-9999,    9
104350,20130410,-9999,    9
104350,20130411,-9999,    9
104350,20130412,-9999,    9
104350,20130413,-9999,    9
104350,20130414,-9999,    9
104350,20130415,-9999,    9
104350,20130416,-9999,    9
104350,20130417,-9999,    9
104350,20130418,-9999,    9
104350,20130419,-9999,    9
104350,20130420,-9999,    9
104350,20130421,-9999,    9
104350,20130422,-9999,    9
104350,20130423,-9999,    9
104350,20130424,-9999,    9
104350,20130425,-9999,    9
104350,20130426,-9999,    9
104350,20130427,-9999,    9
104350,20130428,-9999,    9
104350,20130429,-9999,    9
104350,20130430,-9999,    9
104350,20130501,-9999,    9
104350,20130502,-9999,    9
104350,20130503,-9999,    9
104350,20130504,-9999,    9
104350,20130505,-9999,    9
104350,20130506,-9999,    9
104350,20130507,-9999,    9
104350,20130508,-9999,    9
104350,20130509,-9999,    9
104350,20130510,-9999,    9
104350,20130511,-9999,    9
104350,20130512,-9999,    9
104350,20130513,-9999,    9
104350,20130514,-9999,    9
104350,20130515,-9999,    9
104350,20130516,-9999,    9
104350,20130517,-9999,    9
104350,20130518,-9999,    9
104350,20130519,-9999,    9
104350,20130520,-9999,    9
104350,20130521,-9999,    9
104350,20130522,-9999,    9
104350,20130523,-9999,    9
104350,20130524,-9999,    9
104350,20130525,-9999,    9
104350,20130526,-9999,    9
104350,20130527,-9999,    9
104350,20130528,-9999,    9
104350,20130529,-9999,    9
104350,20130530,-9999,    9
104350,20130531,-9999,    9
104350,20130601,-9999,    9
104350,20130602,-9999,    9
104350,20130603,-9999,    9
104350,20130604,-9999,    9
104350,20130605,-9999,    9
104350,20130606,-9999,    9
104350,20130607,-9999,    9
104350,20130608,-9999,    9
104350,20130609,-9999,    9
104350,20130610,-9999,    9
104350,20130611,-9999,    9
104350,20130612,-9999,    9
104350,20130613,-9999,    9
104350,20130614,-9999,    9
104350,20130615,-9999,    9
104350,20130616,-9999,    9
104350,20130617,-9999,    9
104350,20130618,-9999,    9
104350,20130619,-9999,    9
104350,20130620,-9999,    9
104350,20130621,-9999,    9
104350,20130622,-9999,    9
104350,20130623,-9999,    9
104350,20130624,-9999,    9
104350,20130625,-9999,    9
104350,20130626,-9999,    9
104350,20130627,-9999,    9
104350,20130628,-9999,    9
104350,20130629,-9999,    9
104350,20130630,-9999,    9
104350,20130701,-9999,    9
104350,20130702,-9999,    9
104350,20130703,-9999,    9
104350,20130704,-9999,    9
104350,20130705,-9999,    9
104350,20130706,-9999,    9
104350,20130707,-9999,    9
104350,20130708,-9999,    9
104350,20130709,-9999,    9
104350,20130710,-9999,    9
104350,20130711,-9999,    9
104350,20130712,-9999,    9
104350,20130713,-9999,    9
104350,20130714,-9999,    9
104350,20130715,-9999,    9
104350,20130716,-9999,    9
104350,20130717,-9999,    9
104350,20130718,-9999,    9
104350,20130719,-9999,    9
104350,20130720,-9999,    9
104350,20130721,-9999,    9
104350,20130722,-9999,    9
104350,20130723,-9999,    9
104350,20130724,-9999,    9
104350,20130725,-9999,    9
104350,20130726,-9999,    9
104350,20130727,-9999,    9
104350,20130728,-9999,    9
104350,20130729,-9999,    9
104350,20130730,-9999,    9
104350,20130731,-9999,    9
104350,20130801,-9999,    9
104350,20130802,-9999,    9
104350,20130803,-9999,    9
104350,20130804,-9999,    9
104350,20130805,-9999,    9
104350,20130806,-9999,    9
104350,20130807,-9999,    9
104350,20130808,-9999,    9
104350,20130809,-9999,    9
104350,20130810,-9999,    9
104350,20130811,-9999,    9
104350,20130812,-9999,    9
104350,20130813,-9999,    9
104350,20130814,-9999,    9
104350,20130815,-9999,    9
104350,20130816,-9999,    9
104350,20130817,-9999,    9
104350,20130818,-9999,    9
104350,20130819,-9999,    9
104350,20130820,-9999,    9
104350,20130821,-9999,    9
104350,20130822,-9999,    9
104350,20130823,-9999,    9
104350,20130824,-9999,    9
104350,20130825,-9999,    9
104350,20130826,-9999,    9
104350,20130827,-9999,    9
104350,20130828,-9999,    9
104350,20130829,-9999,    9
104350,20130830,-9999,    9
104350,20130831,-9999,    9
104350,20130901,-9999,    9
104350,20130902,-9999,    9
104350,20130903,-9999,    9
104350,20130904,-9999,    9
104350,20130905,-9999,    9
104350,20130906,-9999,    9
104350,20130907,-9999,    9
104350,20130908,-9999,    9
104350,20130909,-9999,    9
104350,20130910,-9999,    9
104350,20130911,-9999,    9
104350,20130912,-9999,    9
104350,20130913,-9999,    9
104350,20130914,-9999,    9
104350,20130915,-9999,    9
104350,20130916,-9999,    9
104350,20130917,-9999,    9
104350,20130918,-9999,    9
104350,20130919,-9999,    9
104350,20130920,-9999,    9
104350,20130921,-9999,    9
104350,20130922,-9999,    9
104350,20130923,-9999,    9
104350,20130924,-9999,    9
104350,20130925,-9999,    9
104350,20130926,-9999,    9
104350,20130927,-9999,    9
104350,20130928,-9999,    9
104350,20130929,-9999,    9
104350,20130930,-9999,    9
104350,20131001,-9999,    9
104350,20131002,-9999,    9
104350,20131003,-9999,    9
104350,20131004,-9999,    9
104350,20131005,-9999,    9
104350,20131006,-9999,    9
104350,20131007,-9999,    9
104350,20131008,-9999,    9
104350,20131009,-9999,    9
104350,20131010,-9999,    9
104350,20131011,-9999,    9
104350,20131012,-9999,    9
104350,20131013,-9999,    9
104350,20131014,-9999,    9
104350,20131015,-9999,    9
104350,20131016,-9999,    9
104350,20131017,-9999,    9
104350,20131018,-9999,    9
104350,20131019,-9999,    9
104350,20131020,-9999,    9
104350,20131021,-9999,    9
104350,20131022,-9999,    9
104350,20131023,-9999,    9
104350,20131024,-9999,    9
104350,20131025,-9999,    9
104350,20131026,-9999,    9
104350,20131027,-9999,    9
104350,20131028,-9999,    9
104350,20131029,-9999,    9
104350,20131030,-9999,    9
104350,20131031,-9999,    9
104350,20131101,-9999,    9
104350,20131102,-9999,    9
104350,20131103,-9999,    9
104350,20131104,-9999,    9
104350,20131105,-9999,    9
104350,20131106,-9999,    9
104350,20131107,-9999,    9
104350,20131108,-9999,    9
104350,20131109,-9999,    9
104350,20131110,-9999,    9
104350,20131111,-9999,    9
104350,20131112,-9999,    9
104350,20131113,-9999,    9
104350,20131114,-9999,    9
104350,20131115,-9999,    9
104350,20131116,-9999,    9
104350,20131117,-9999,    9
104350,20131118,-9999,    9
104350,20131119,-9999,    9
104350,20131120,-9999,    9
104350,20131121,-9999,    9
104350,20131122,-9999,    9
104350,20131123,-9999,    9
104350,20131124,-9999,    9
104350,20131125,-9999,    9
104350,20131126,-9999,    9
104350,20131127,-9999,    9
104350,20131128,-9999,    9
104350,20131129,-9999,    9
104350,20131130,-9999,    9
104350,20131201,-9999,    9
104350,20131202,-9999,    9
104350,20131203,-9999,    9
104350,20131204,-9999,    9
104350,20131205,-9999,    9
104350,20131206,-9999,    9
104350,20131207,-9999,    9
104350,20131208,-9999,    9
104350,20131209,-9999,    9
104350,20131210,-9999,    9
104350,20131211,-9999,    9
104350,20131212,-9999,    9
104350,20131213,-9999,    9
104350,20131214,-9999,    9
104350,20131215,-9999,    9
104350,20131216,-9999,    9
104350,20131217,-9999,    9
104350,20131218,-9999,    9
104350,20131219,-9999,    9
104350,20131220,-9999,    9
104350,20131221,-9999,    9
104350,20131222,-9999,    9
104350,20131223,-9999,    9
104350,20131224,-9999,    9
104350,20131225,-9999,    9
104350,20131226,-9999,    9
104350,20131227,-9999,    9
104350,20131228,-9999,    9
104350,20131229,-9999,    9
104350,20131230,-9999,    9
104350,20131231,-9999,    9
104350,20140101,-9999,    9
104350,20140102,-9999,    9
104350,20140103,-9999,    9
104350,20140104,-9999,    9
104350,20140105,-9999,    9
104350,20140106,-9999,    9
104350,20140107,-9999,    9
104350,20140108,-9999,    9
104350,20140109,-9999,    9
104350,20140110,-9999,    9
104350,20140111,-9999,    9
104350,20140112,-9999,    9
104350,20140113,-9999,    9
104350,20140114,-9999,    9
104350,20140115,-9999,    9
104350,20140116,-9999,    9
104350,20140117,-9999,    9
104350,20140118,-9999,    9
104350,20140119,-9999,    9
104350,20140120,-9999,    9
104350,20140121,-9999,    9
104350,20140122,-9999,    9
104350,20140123,-9999,    9
104350,20140124,-9999,    9
104350,20140125,-9999,    9
104350,20140126,-9999,    9
104350,20140127,-9999,    9
104350,20140128,-9999,    9
104350,20140129,-9999,    9
104350,20140130,-9999,    9
104350,20140131,-9999,    9
104350,20140201,-9999,    9
104350,20140202,-9999,    9
104350,20140203,-9999,    9
104350,20140204,-9999,    9
104350,20140205,-9999,    9
104350,20140206,-9999,    9
104350,20140207,-9999,    9
104350,20140208,-9999,    9
104350,20140209,-9999,    9
104350,20140210,-9999,    9
104350,20140211,-9999,    9
104350,20140212,-9999,    9
104350,20140213,-9999,    9
104350,20140214,-9999,    9
104350,20140215,-9999,    9
104350,20140216,-9999,    9
104350,20140217,-9999,    9
104350,20140218,-9999,    9
104350,20140219,-9999,    9
104350,20140220,-9999,    9
104350,20140221,-9999,    9
104350,20140222,-9999,    9
104350,20140223,-9999,    9
104350,20140224,-9999,    9
104350,20140225,-9999,    9
104350,20140226,-9999,    9
104350,20140227,-9999,    9
104350,20140228,-9999,    9
104350,20140301,-9999,    9
104350,20140302,-9999,    9
104350,20140303,-9999,    9
104350,20140304,-9999,    9
104350,20140305,-9999,    9
104350,20140306,-9999,    9
104350,20140307,-9999,    9
104350,20140308,-9999,    9
104350,20140309,-9999,    9
104350,20140310,-9999,    9
104350,20140311,-9999,    9
104350,20140312,-9999,    9
104350,20140313,-9999,    9
104350,20140314,-9999,    9
104350,20140315,-9999,    9
104350,20140316,-9999,    9
104350,20140317,-9999,    9
104350,20140318,-9999,    9
104350,20140319,-9999,    9
104350,20140320,-9999,    9
104350,20140321,-9999,    9
104350,20140322,-9999,    9
104350,20140323,-9999,    9
104350,20140324,-9999,    9
104350,20140325,-9999,    9
104350,20140326,-9999,    9
104350,20140327,-9999,    9
104350,20140328,-9999,    9
104350,20140329,-9999,    9
104350,20140330,-9999,    9
104350,20140331,-9999,    9
104350,20140401,-9999,    9
104350,20140402,-9999,    9
104350,20140403,-9999,    9
104350,20140404,-9999,    9
104350,20140405,-9999,    9
104350,20140406,-9999,    9
104350,20140407,-9999,    9
104350,20140408,-9999,    9
104350,20140409,-9999,    9
104350,20140410,-9999,    9
104350,20140411,-9999,    9
104350,20140412,-9999,    9
104350,20140413,-9999,    9
104350,20140414,-9999,    9
104350,20140415,-9999,    9
104350,20140416,-9999,    9
104350,20140417,-9999,    9
104350,20140418,-9999,    9
104350,20140419,-9999,    9
104350,20140420,-9999,    9
104350,20140421,-9999,    9
104350,20140422,-9999,    9
104350,20140423,-9999,    9
104350,20140424,-9999,    9
104350,20140425,-9999,    9
104350,20140426,-9999,    9
104350,20140427,-9999,    9
104350,20140428,-9999,    9
104350,20140429,-9999,    9
104350,20140430,-9999,    9
104350,20140501,-9999,    9
104350,20140502,-9999,    9
104350,20140503,-9999,    9
104350,20140504,-9999,    9
104350,20140505,-9999,    9
104350,20140506,-9999,    9
104350,20140507,-9999,    9
104350,20140508,-9999,    9
104350,20140509,-9999,    9
104350,20140510,-9999,    9
104350,20140511,-9999,    9
104350,20140512,-9999,    9
104350,20140513,-9999,    9
104350,20140514,-9999,    9
104350,20140515,-9999,    9
104350,20140516,-9999,    9
104350,20140517,-9999,    9
104350,20140518,-9999,    9
104350,20140519,-9999,    9
104350,20140520,-9999,    9
104350,20140521,-9999,    9
104350,20140522,-9999,    9
104350,20140523,-9999,    9
104350,20140524,-9999,    9
104350,20140525,-9999,    9
104350,20140526,-9999,    9
104350,20140527,-9999,    9
104350,20140528,-9999,    9
104350,20140529,-9999,    9
104350,20140530,-9999,    9
104350,20140531,-9999,    9
104350,20140601,-9999,    9
104350,20140602,-9999,    9
104350,20140603,-9999,    9
104350,20140604,-9999,    9
104350,20140605,-9999,    9
104350,20140606,-9999,    9
104350,20140607,-9999,    9
104350,20140608,-9999,    9
104350,20140609,-9999,    9
104350,20140610,-9999,    9
104350,20140611,-9999,    9
104350,20140612,-9999,    9
104350,20140613,-9999,    9
104350,20140614,-9999,    9
104350,20140615,-9999,    9
104350,20140616,-9999,    9
104350,20140617,-9999,    9
104350,20140618,-9999,    9
104350,20140619,-9999,    9
104350,20140620,-9999,    9
104350,20140621,-9999,    9
104350,20140622,-9999,    9
104350,20140623,-9999,    9
104350,20140624,-9999,    9
104350,20140625,-9999,    9
104350,20140626,-9999,    9
104350,20140627,-9999,    9
104350,20140628,-9999,    9
104350,20140629,-9999,    9
104350,20140630,-9999,    9
104350,20140701,-9999,    9
104350,20140702,-9999,    9
104350,20140703,-9999,    9
104350,20140704,-9999,    9
104350,20140705,-9999,    9
104350,20140706,-9999,    9
104350,20140707,-9999,    9
104350,20140708,-9999,    9
104350,20140709,-9999,    9
104350,20140710,-9999,    9
104350,20140711,-9999,    9
104350,20140712,-9999,    9
104350,20140713,-9999,    9
104350,20140714,-9999,    9
104350,20140715,-9999,    9
104350,20140716,-9999,    9
104350,20140717,-9999,    9
104350,20140718,-9999,    9
104350,20140719,-9999,    9
104350,20140720,-9999,    9
104350,20140721,-9999,    9
104350,20140722,-9999,    9
104350,20140723,-9999,    9
104350,20140724,-9999,    9
104350,20140725,-9999,    9
104350,20140726,-9999,    9
104350,20140727,-9999,    9
104350,20140728,-9999,    9
104350,20140729,-9999,    9
104350,20140730,-9999,    9
104350,20140731,-9999,    9
104350,20140801,-9999,    9
104350,20140802,-9999,    9
104350,20140803,-9999,    9
104350,20140804,-9999,    9
104350,20140805,-9999,    9
104350,20140806,-9999,    9
104350,20140807,-9999,    9
104350,20140808,-9999,    9
104350,20140809,-9999,    9
104350,20140810,-9999,    9
104350,20140811,-9999,    9
104350,20140812,-9999,    9
104350,20140813,-9999,    9
104350,20140814,-9999,    9
104350,20140815,-9999,    9
104350,20140816,-9999,    9
104350,20140817,-9999,    9
104350,20140818,-9999,    9
104350,20140819,-9999,    9
104350,20140820,-9999,    9
104350,20140821,-9999,    9
104350,20140822,-9999,    9
104350,20140823,-9999,    9
104350,20140824,-9999,    9
104350,20140825,-9999,    9
104350,20140826,-9999,    9
104350,20140827,-9999,    9
104350,20140828,-9999,    9
104350,20140829,-9999,    9
104350,20140830,-9999,    9
104350,20140831,-9999,    9
104350,20140901,-9999,    9
104350,20140902,-9999,    9
104350,20140903,-9999,    9
104350,20140904,-9999,    9
104350,20140905,-9999,    9
104350,20140906,-9999,    9
104350,20140907,-9999,    9
104350,20140908,-9999,    9
104350,20140909,-9999,    9
104350,20140910,-9999,    9
104350,20140911,-9999,    9
104350,20140912,-9999,    9
104350,20140913,-9999,    9
104350,20140914,-9999,    9
104350,20140915,-9999,    9
104350,20140916,-9999,    9
104350,20140917,-9999,    9
104350,20140918,-9999,    9
104350,20140919,-9999,    9
104350,20140920,-9999,    9
104350,20140921,-9999,    9
104350,20140922,-9999,    9
104350,20140923,-9999,    9
104350,20140924,-9999,    9
104350,20140925,-9999,    9
104350,20140926,-9999,    9
104350,20140927,-9999,    9
104350,20140928,-9999,    9
104350,20140929,-9999,    9
104350,20140930,-9999,    9
104350,20141001,-9999,    9
104350,20141002,-9999,    9
104350,20141003,-9999,    9
104350,20141004,-9999,    9
104350,20141005,-9999,    9
104350,20141006,-9999,    9
104350,20141007,-9999,    9
104350,20141008,-9999,    9
104350,20141009,-9999,    9
104350,20141010,-9999,    9
104350,20141011,-9999,    9
104350,20141012,-9999,    9
104350,20141013,-9999,    9
104350,20141014,-9999,    9
104350,20141015,-9999,    9
104350,20141016,-9999,    9
104350,20141017,-9999,    9
104350,20141018,-9999,    9
104350,20141019,-9999,    9
104350,20141020,-9999,    9
104350,20141021,-9999,    9
104350,20141022,-9999,    9
104350,20141023,-9999,    9
104350,20141024,-9999,    9
104350,20141025,-9999,    9
104350,20141026,-9999,    9
104350,20141027,-9999,    9
104350,20141028,-9999,    9
104350,20141029,-9999,    9
104350,20141030,-9999,    9
104350,20141031,-9999,    9
104350,20141101,-9999,    9
104350,20141102,-9999,    9
104350,20141103,-9999,    9
104350,20141104,-9999,    9
104350,20141105,-9999,    9
104350,20141106,-9999,    9
104350,20141107,-9999,    9
104350,20141108,-9999,    9
104350,20141109,-9999,    9
104350,20141110,-9999,    9
104350,20141111,-9999,    9
104350,20141112,-9999,    9
104350,20141113,-9999,    9
104350,20141114,-9999,    9
104350,20141115,-9999,    9
104350,20141116,-9999,    9
104350,20141117,-9999,    9
104350,20141118,-9999,    9
104350,20141119,-9999,    9
104350,20141120,-9999,    9
104350,20141121,-9999,    9
104350,20141122,-9999,    9
104350,20141123,-9999,    9
104350,20141124,-9999,    9
104350,20141125,-9999,    9
104350,20141126,-9999,    9
104350,20141127,-9999,    9
104350,20141128,-9999,    9
104350,20141129,-9999,    9
104350,20141130,-9999,    9
104350,20141201,-9999,    9
104350,20141202,-9999,    9
104350,20141203,-9999,    9
104350,20141204,-9999,    9
104350,20141205,-9999,    9
104350,20141206,-9999,    9
104350,20141207,-9999,    9
104350,20141208,-9999,    9
104350,20141209,-9999,    9
104350,20141210,-9999,    9
104350,20141211,-9999,    9
104350,20141212,-9999,    9
104350,20141213,-9999,    9
104350,20141214,-9999,    9
104350,20141215,-9999,    9
104350,20141216,-9999,    9
104350,20141217,-9999,    9
104350,20141218,-9999,    9
104350,20141219,-9999,    9
104350,20141220,-9999,    9
104350,20141221,-9999,    9
104350,20141222,-9999,    9
104350,20141223,-9999,    9
104350,20141224,-9999,    9
104350,20141225,-9999,    9
104350,20141226,-9999,    9
104350,20141227,-9999,    9
104350,20141228,-9999,    9
104350,20141229,-9999,    9
104350,20141230,-9999,    9
104350,20141231,-9999,    9
104350,20150101,-9999,    9
104350,20150102,-9999,    9
104350,20150103,-9999,    9
104350,20150104,-9999,    9
104350,20150105,-9999,    9
104350,20150106,-9999,    9
104350,20150107,-9999,    9
104350,20150108,-9999,    9
104350,20150109,-9999,    9
104350,20150110,-9999,    9
104350,20150111,-9999,    9
104350,20150112,-9999,    9
104350,20150113,-9999,    9
104350,20150114,-9999,    9
104350,20150115,-9999,    9
104350,20150116,-9999,    9
104350,20150117,-9999,    9
104350,20150118,-9999,    9
104350,20150119,-9999,    9
104350,20150120,-9999,    9
104350,20150121,-9999,    9
104350,20150122,-9999,    9
104350,20150123,-9999,    9
104350,20150124,-9999,    9
104350,20150125,-9999,    9
104350,20150126,-9999,    9
104350,20150127,-9999,    9
104350,20150128,-9999,    9
104350,20150129,-9999,    9
104350,20150130,-9999,    9
104350,20150131,-9999,    9
104350,20150201,-9999,    9
104350,20150202,-9999,    9
104350,20150203,-9999,    9
104350,20150204,-9999,    9
104350,20150205,-9999,    9
104350,20150206,-9999,    9
104350,20150207,-9999,    9
104350,20150208,-9999,    9
104350,20150209,-9999,    9
104350,20150210,-9999,    9
104350,20150211,-9999,    9
104350,20150212,-9999,    9
104350,20150213,-9999,    9
104350,20150214,-9999,    9
104350,20150215,-9999,    9
104350,20150216,-9999,    9
104350,20150217,-9999,    9
104350,20150218,-9999,    9
104350,20150219,-9999,    9
104350,20150220,-9999,    9
104350,20150221,-9999,    9
104350,20150222,-9999,    9
104350,20150223,-9999,    9
104350,20150224,-9999,    9
104350,20150225,-9999,    9
104350,20150226,-9999,    9
104350,20150227,-9999,    9
104350,20150228,-9999,    9
104350,20150301,-9999,    9
104350,20150302,-9999,    9
104350,20150303,-9999,    9
104350,20150304,-9999,    9
104350,20150305,-9999,    9
104350,20150306,-9999,    9
104350,20150307,-9999,    9
104350,20150308,-9999,    9
104350,20150309,-9999,    9
104350,20150310,-9999,    9
104350,20150311,-9999,    9
104350,20150312,-9999,    9
104350,20150313,-9999,    9
104350,20150314,-9999,    9
104350,20150315,-9999,    9
104350,20150316,-9999,    9
104350,20150317,-9999,    9
104350,20150318,-9999,    9
104350,20150319,-9999,    9
104350,20150320,-9999,    9
104350,20150321,-9999,    9
104350,20150322,-9999,    9
104350,20150323,-9999,    9
104350,20150324,-9999,    9
104350,20150325,-9999,    9
104350,20150326,-9999,    9
104350,20150327,-9999,    9
104350,20150328,-9999,    9
104350,20150329,-9999,    9
104350,20150330,-9999,    9
104350,20150331,-9999,    9
104350,20150401,-9999,    9
104350,20150402,-9999,    9
104350,20150403,-9999,    9
104350,20150404,-9999,    9
104350,20150405,-9999,    9
104350,20150406,-9999,    9
104350,20150407,-9999,    9
104350,20150408,-9999,    9
104350,20150409,-9999,    9
104350,20150410,-9999,    9
104350,20150411,-9999,    9
104350,20150412,-9999,    9
104350,20150413,-9999,    9
104350,20150414,-9999,    9
104350,20150415,-9999,    9
104350,20150416,-9999,    9
104350,20150417,-9999,    9
104350,20150418,-9999,    9
104350,20150419,-9999,    9
104350,20150420,-9999,    9
104350,20150421,-9999,    9
104350,20150422,-9999,    9
104350,20150423,-9999,    9
104350,20150424,-9999,    9
104350,20150425,-9999,    9
104350,20150426,-9999,    9
104350,20150427,-9999,    9
104350,20150428,-9999,    9
104350,20150429,-9999,    9
104350,20150430,-9999,    9
104350,20150501,-9999,    9
104350,20150502,-9999,    9
104350,20150503,-9999,    9
104350,20150504,-9999,    9
104350,20150505,-9999,    9
104350,20150506,-9999,    9
104350,20150507,-9999,    9
104350,20150508,-9999,    9
104350,20150509,-9999,    9
104350,20150510,-9999,    9
104350,20150511,-9999,    9
104350,20150512,-9999,    9
104350,20150513,-9999,    9
104350,20150514,-9999,    9
104350,20150515,-9999,    9
104350,20150516,-9999,    9
104350,20150517,-9999,    9
104350,20150518,-9999,    9
104350,20150519,-9999,    9
104350,20150520,-9999,    9
104350,20150521,-9999,    9
104350,20150522,-9999,    9
104350,20150523,-9999,    9
104350,20150524,-9999,    9
104350,20150525,-9999,    9
104350,20150526,-9999,    9
104350,20150527,-9999,    9
104350,20150528,-9999,    9
104350,20150529,-9999,    9
104350,20150530,-9999,    9
104350,20150531,-9999,    9
